
----- Run Fri Aug 12 10:37:53 2022-----
motor 12    motor 13    motor 14    0    3499975    3499024    3499952    3499308    3499894    3500983    
0.25    3430346    3422450    3418895    3418641    3421077    3414173    
0.5    3031322    3031941    3019863    3020689    3002986    3005125    
0.75    2230825    2231074    2213287    2214008    2187746    2189957    
1.0    1289790    1290516    1272241    1238954    1246908    1249573    
1.25    482159    482838    470674    471742    454282    456269    
1.5    81808    74778    70293    71446    72321    67573    
1.75    55    840    29    1014    9    2323    
2.0    39214    33030    41779    36298    45686    43586    
2.25    343258    357511    372728    367683    367223    364478    
2.5    1065191    1059803    1081817    1110368    1106081    1104664    
2.75    2032607    2027049    2050668    2045240    2076781    2073978    
3.0    2869480    2890821    2908616    2903986    2901535    2924348    
3.25    3371725    3366648    3376993    3382084    3384388    3381544    
3.5    3498597    3493348    3498859    3493778    3499177    3495774    
3.75    3483916    3481309    3479327    3479762    3480225    3482636    
4.0    3244729    3245213    3236562    3237266    3224453    3226536    
4.25    2625986    2595774    2579378    2580357    2587996    2559318    
4.5    1685472    1686866    1667116    1631843    1640520    1643104    
4.75    768900    770167    754419    756315    733643    736832    
5.0    202124    189128    181654    182856    185308    187360    
5.25    8075    9062    7215    8549    6078    8622    
5.5    5697    4246    8097    5903    7658    6745    
5.75    168891    177198    202299    197587    185139    182737    
6.0    726186    721122    769263    764912    733287    760297    
6.25    1594285    1589436    1649229    1643415    1640061    1636439    
6.5    2548166    2542692    2595412    2590702    2587604    2585200    
6.75    3202608    3214936    3244930    3239967    3224240    3237934    
7.0    3475883    3470588    3480979    3475843    3480184    3476932    
7.25    3499277    3494886    3497952    3494383    3499183    3496378    
7.5    3396591    3397282    3371594    3361659    3384514    3387165    
7.75    2933701    2934400    2869150    2870460    2901858    2904389    
8.0    2122029    2087254    2032157    1997102    2077231    2078940    
8.25    1148758    1149845    1064777    1066395    1106502    1109104    
8.5    413865    392988    343019    344300    387716    369019    
8.75    53040    54060    39152    35749    45756    48273    
9.0    0    749    148    1115    7    2341    
9.25    63307    57722    90216    84977    65032    69871    
9.5    426479    421415    505863    524760    454000    450675    
9.75    1203134    1198213    1325514    1320280    1246472    1244758    

----- Run Fri Aug 12 11:26:19 2022-----
motor                       12motor                       13motor                       14
0         3500000     3499042     3500000     3499290     3500000     3500700
0.25         3448248     3447883     3446425     3439771     3440546     3441831
0.5         3090646     3091083     3084269     3084922     3064268     3066291
0.75         2358463     2359220     2314075     2314799     2316650     2318937
1.0         1385566     1385923     1374846     1376649     1341912     1344724
1.25          571652      547144      539313      540360      541153      543244
1.5          105404      106171      102595       94755       94232       96119
1.75             476        1233         399        1545         417        2589
2.0           23346       21833       32580       27418       28015       23838
2.25          293647      288425      316982      311982      315608      313007
2.5          945082      972306     1019122     1013367      984254     1013111
2.75         1897940     1892969     1945432     1977894     1942697     1939835
3.0         2795973     2790973     2831848     2826688     2829803     2826881
3.25         3328409     3335996     3356244     3351505     3343609     3340748
3.5         3495348     3490043     3496782     3492542     3496709     3493330
3.75         3490387     3489457     3485014     3484659     3485214     3486701
4.0         3300508     3286558     3251154     3251996     3267944     3254331
4.25         2707307     2708283     2607461     2608509     2640536     2643400
4.5         1784682     1785660     1700163     1701588     1702919     1705259
4.75          879787      850028      780574      782050      812331      813892
5.0          242322      242869      207806      195023      208882      211018
5.25           13906       14875        8811       10270       11003       11231
5.5            1908        1655        6630        4941        5082        5097
5.75          137125      132090      176902      172053      175929      173572
6.0          625560      647404      743997      739002      713484      738673
6.25         1496818     1492197     1617159     1647993     1614413     1611134
6.5         2461633     2456971     2567967     2563529     2533807     2563850
6.75         3153131     3148185     3230547     3225547     3212243     3209104
7.0         3464732     3459592     3478103     3472794     3477844     3474268
7.25         3499958     3495188     3498519     3494804     3499060     3496461
7.5         3419692     3420783     3380727     3381800     3391380     3383814
7.75         3022167     3023298     2892135     2893229     2919798     2922059
8.0         2216799     2216910     2063736     2065198     2066437     2068265
8.25         1240815     1241663     1093927     1095618     1130102     1099152
8.5          472958      473536      380054      361109      381580      383109
8.75           71026       71720       43705       44977       44110       46461
9.0              33         986          62        1050          13        2406
9.25           41257       35447       75051       69614       74291       71775
9.5          350984      366016      485342      480292      460180      480054
9.75         1078485     1073252     1259556     1289490     1256063     1254710

----- Run Fri Aug 12 11:37:05 2022-----
     motor 14                      motor 13                      motor 12                      
 0.00     3500000     3500636     3500000     3499583     3500000     3499180
 0.25     3440217     3441301     3443773     3443781     3434968     3434892
 0.50     3084803     3065147     3096445     3075895     3068091     3046754
 0.75     2314933     2317024     2333773     2334592     2288234     2288890
 1.00     1340138     1342674     1359692     1361771     1312697     1313679
 1.25      539926      517207      528950      529887      521095      497907
 1.50       93793       95634       98698       99808       87147       87898
 1.75         206        2360         304        1563         107        1069
 2.00       32358       28810       26042       21183       31478       26008
 2.25      334683      332051      306535      301536      330911      326228
 2.50     1017490     1045833      968192      995478     1010973     1038636
 2.75     1980028     1976713     1924446     1918531     1972752     1968510
 3.00     2857500     2854466     2816090     2810950     2852139     2846867
 3.25     3355670     3363920     3337509     3345069     3364673     3359883
 3.50     3497620     3494044     3496191     3491206     3497457     3492268
 3.75     3482320     3484138     3488860     3487937     3485675     3485795
 4.00     3235737     3237477     3275518     3276624     3255120     3255686
 4.25     2609011     2610707     2685806     2687043     2645871     2646220
 4.50     1665281     1667796     1758039     1759422     1709348     1710295
 4.75      782039      755546      857558      828358      817553      818360
 5.00      194465      196352      231102      232368      211406      212263
 5.25        8906        9492       14621       13584       11391       10362
 5.50        6552        5986        2450        2314        3687        3001
 5.75      189513      187013      145335      140485      161105      156489
 6.00      742565      769911      644843      667399      680812      703654
 6.25     1651980     1648305     1523153     1518537     1571445     1566841
 6.50     2597749     2594603     2485362     2480610     2528202     2522615
 6.75     3229711     3226710     3166969     3162650     3191436     3186646
 7.00     3481214     3477583     3468028     3462568     3473522     3468473
 7.25     3500000     3496947     3500000     3495554     3500000     3495490
 7.50     3500000     3496974     3500000     3495628     3500000     3495545
 7.75     3500000     3496974     3500000     3495655     3500000     3495664
 8.00     3500000     3496901     3500000     3495682     3500000     3495683
 8.25     3500000     3496947     3500000     3495628     3500000     3495683
 8.50     3500000     3496974     3500000     3495673     3500000     3495683
 8.75     3500000     3496974     3500000     3495655     3500000     3495710
 9.00     3500000     3497056     3500000     3495582     3500000     3495637
 9.25     3500000     3497130     3500000     3495655     3500000     3495664
 9.50     3500000     3497130     3500000     3495655     3500000     3495710
 9.75     3500000     3497130     3500000     3495728     3500000     3495710

----- Run Fri Aug 12 11:44:38 2022-----
               motor 12                motor 13                motor 14                
 0.00     3500000     3499455     3500000     3499876     3500000     3500837
 0.25     3448248     3448039     3442336     3442435     3440711     3442060
 0.50     3090646     3091469     3091704     3071162     3064816     3066758
 0.75     2358463     2359523     2326076     2327103     2317508     2319788
 1.00     1385566     1386207     1351685     1353998     1342800     1345429
 1.25      571652      547594      547925      549195      541766      519147
 1.50      105404      106236       96672       98078       94453       96448
 1.75         476        1646         489        1710         218        2433
 2.00       23346       18968       26918       22291       27914       24204
 2.25      293647      289030      310599      305875      315151      312751
 2.50      945082      972810      975408      971171      983449     1012507
 2.75     1897940     1893419     1932662     1927283     1941785     1939021
 3.00     2795973     2791405     2794576     2817377     2829120     2826240
 3.25     3328409     3336381     3340272     3335895     3343308     3340583
 3.50     3495348     3490565     3496430     3491736     3496684     3493284
 3.75     3490387     3489769     3490536     3489448     3490031     3488953
 4.00     3300508     3301408     3287326     3288801     3283677     3286246
 4.25     2707307     2708586     2709517     2681147     2672336     2674729
 4.50     1784682     1785826     1787438     1752253     1741502     1743711
 4.75      879787      880708      851468      853232      843879      846787
 5.00      242322      243226      228062      229557      224295      226261
 5.25       13906       15123       14100       15552       13464       13667
 5.50        1890        1985        2615        2561        2833        3815
 5.75      136848      132512      136293      143177      150580      147929
 6.00      624899      647542      650212      645856      656954      654609
 6.25     1495912     1491694     1530431     1526282     1539533     1537498
 6.50     2460812     2456669     2459167     2487275     2467379     2497410
 6.75     3152649     3167183     3170731     3166230     3175399     3173280
 7.00     3464615     3459868     3464379     3464353     3465547     3466798
 7.25     3499959     3495473     3499885     3495618     3499694     3496827
 7.50     3419892     3421470     3420287     3413807     3401191     3403672
 7.75     3022741     3024068     3000635     3002378     2970748     2973099
 8.00     2217677     2217460     2184213     2185041     2139864     2142341
 8.25     1241684     1242634     1243425     1210874     1165801     1167094
 8.50      473530      451610      452045      453413      424588      425288
 8.75       71210       72215       64426       65879       56149       58463
 9.00           6        1124           6        1371           0        2259
 9.25       41127       36043       46243       41553       59947       58125
 9.50      370220      365889      389515      384904      437376      434104
 9.75     1077653     1106560     1109442     1105314     1185925     1217420

----- Run Fri Aug 12 12:25:25 2022-----
               motor 12                motor 13                motor 14                
     demand      actual      
demand      actual      
demand      actual      
 0.00     3500000     3499235     3500000     3499363     3500000     3500892
 0.25     3450031     3449650     3441364     3441245     3436521     3437648
 0.50     3117657     3118229     3088527     3067674     3072980     3074824
 0.75     2368630     2369282     2320938     2321720     2330355     2298155
 1.00     1432214     1432908     1381991     1348588     1356132     1358751
 1.25      579250      579710      544226      545359      526526      528056
 1.50      118130      108891       95336       96568       97794       90965
 1.75         925        1893         449        1362         284        2745
 2.00       22287       17842       27513       22840       30507       27189
 2.25      271335      283445      313326      308439      308338      324077
 2.50      935584      930467      980229     1007151     1003660     1000459
 2.75     1886959     1882304     1938136     1932584     1964564     1961873
 3.00     2759223     2782505     2826387     2821534     2818843     2843159
 3.25     3324555     3319490     3342097     3337177     3350741     3348073
 3.50     3494966     3489787     3496584     3491297     3497266     3494063
 3.75     3492765     3491032     3488069     3487187     3488638     3489641
 4.00     3304674     3305189     3285142     3286311     3274016     3276369
 4.25     2745221     2717228     2675337     2676277     2682821     2655659
 4.50     1832426     1833506     1781927     1746293     1754365     1756254
 4.75      889055      889653      846911      848353      824289      826417
 5.00      263232      247776      225798      227168      229578      231343
 5.25       17495       18373       13716       14985       11903       14354
 5.50        1692        1573        2744        2470        2531        4320
 5.75      122877      118000      137962      144907      146491      143919
 6.00      617008      612239      654253      649629      674639      672499
 6.25     1485036     1480122     1535891     1531730     1526791     1560625
 6.50     2417764     2413246     2464097     2491898     2488619     2486149
 6.75     3146825     3142161     3173536     3168931     3187356     3184807
 7.00     3458155     3458018     3469545     3464481     3468467     3469224
 7.25     3499973     3495326     3499867     3495261     3499760     3497093
 7.50     3422251     3423695     3410850     3412040     3404331     3406758
 7.75     3029613     3030815     2973172     2974656     2979207     2981615
 8.00     2228198     2228291     2178910     2179585     2152315     2154884
 8.25     1252138     1252531     1203567     1205399     1177778     1179967
 8.50      480426      458183      426750      427650      432182      411409
 8.75       73444       74256       63394       64680       58393       60597
 9.00          11         822           1        1197           1        2324
 9.25       39592       33955       47086       47724       51302       49519
 9.50      364240      359745      392612      387669      407767      404835
 9.75     1067679     1096040     1148331     1143382     1138993     1168944

----- Run Fri Aug 12 12:28:12 2022-----
               motor 12                motor 13                motor 14                
       demand      actual      demand      actual      demand      actual      
 0.00     3500000     3499043     3500000     3499290     3499998     3500755
 0.25     3438555     3438380     3435142     3435020     3430709     3431696
 0.50     3079452     3058070     3046559     3047404     3054907     3034321
 0.75     2306340     2306788     2289098     2290217     2267444     2269251
 1.00     1331270     1332493     1313580     1314832     1291549     1292850
 1.25      533813      534409      521697      498969      506753      508152
 1.50       91615       92310       87356       88337       82212       83979
 1.75         170        1041         109        1170          57        2369
 2.00       33593       27793       31261       30604       34164       30961
 2.25      339908      335154      329972      325157      342299      339768
 2.50     1059393     1054191     1042065     1036201     1063533     1059693
 2.75     1990021     1985712     1970934     2002686     1994561     1991370
 3.00     2864834     2859638     2850795     2845997     2868154     2865314
 3.25     3358805     3365119     3364121     3359324     3360216     3368534
 3.50     3497832     3492689     3497415     3492414     3497924     3494584
 3.75     3481562     3481986     3485805     3485319     3484056     3485612
 4.00     3247953     3248499     3271371     3272413     3261388     3263367
 4.25     2632125     2601991     2677585     2648719     2658013     2629951
 4.50     1692817     1693879     1747934     1749159     1724045     1726170
 4.75      774728      776072      819048      820100      829544      801203
 5.00      204953      205689      226928      213508      217241      219129
 5.25        8439        9473       11503       12724       10099       12504
 5.50        5452        5262        3634        2918        3253        4713
 5.75      179514      174955      148527      155876      155938      153330
 6.00      749739      745283      679438      674870      696711      694169
 6.25     1624486     1655628     1569619     1565302     1555935     1589234
 6.50     2574269     2570698     2494309     2489436     2514537     2511710
 6.75     3233875     3229008     3190532     3185887     3201722     3198804
 7.00     3478783     3476823     3473326     3467970     3471833     3472199
 7.25     3498937     3494849     3499728     3495316     3499593     3496882
 7.50     3378676     3379438     3402769     3403983     3397057     3399598
 7.75     2912782     2887992     2950531     2951832     2959768     2937147
 8.00     2056529     2057609     2146092     2111982     2123815     2125797
 8.25     1087241     1088340     1171785     1173814     1150459     1151575
 8.50      376003      356623      406976      407884      414931      395927
 8.75       42636       43568       57264       58628       53346       55570
 9.00          21         886           0         996           0        2204
 9.25       69111       71464       52506       53529       56385       54581
 9.50      466971      462000      412004      406684      425397      422138
 9.75     1266550     1262052     1179919     1174235     1201410     1197709

----- Run Fri Aug 12 12:33:39 2022-----
               motor 12                motor 13                motor 14                
  t       demand      actual      demand      actual      demand      actual      
 0.00     3499999     3499034     3500000     3499272     3499991     3500554
 0.25     3434620     3434233     3436863     3436897     3426652     3427614
 0.50     3067001     3067299     3074063     3074724     3042635     3044365
 0.75     2286505     2287141     2297728     2298668     2248299     2249843
 1.00     1310931     1311995     1322418     1323943     1272241     1273213
 1.25      519892      496800      527737      504784      493790      472200
 1.50       86729       87175       89470       90663       77847       79484
 1.75         102         896         138        1280          29        2077
 2.00       31587       25725       30294       25322       36753       33388
 2.25      331381      326576      325764      320827      352930      350188
 2.50     1011787     1039333     1002037     1028712     1048655     1079158
 2.75     1973663     1969481     1962743     1958311     2014510     2011137
 3.00     2852811     2847398     2844734     2839726     2882663     2879780
 3.25     3353653     3360020     3350155     3356889     3366321     3374028
 3.50     3497478     3492204     3497222     3492195     3498299     3494749
 3.75     3485610     3485548     3486380     3485759     3482470     3483964
 4.00     3270232     3255165     3274767     3260338     3252744     3237962
 4.25     2645110     2645268     2654227     2655687     2610559     2612080
 4.50     1708429     1709242     1719452     1720558     1667116     1669224
 4.75      816807      817418      825789      826720      783505      785292
 5.00      211044      211760      215408      216649      195154      196773
 5.25        9244       10207        9841       11058        7215        9401
 5.50           0         401           0         630           0        1738
 5.75           0         474           0         868           0        1738
 6.00           0         474           0         786           0        1646
 6.25           0         474           0         703           0        1646
 6.50           0         401           0         703           0        1646
 6.75           0         474           0         786           0        1564
 7.00           0         383           0         703           0        1646
 7.25           0         392           0         868           0        1738
 7.50           0         484           0         786           0        1738
 7.75           0         474           0         786           0        1637
 8.00           0         474           0         786           0        1555
 8.25           0         474           0         694           0        1555
 8.50           0         392           0         786           0        1729
 8.75           0         474           0         713           0        1646
 9.00           0         474           0         786           0        1646
 9.25           0         392           0         777           0        1555
 9.50           0         392           0         703           0        1646
 9.75           0         310           0         786           0        1637

----- Run Fri Aug 12 12:35:01 2022-----
               motor 12                motor 13                motor 14                
  t       demand      actual      demand      actual      demand      actual      
 0.00     3500000     3499290     3500000     3499628     3499999     3500673
 0.06     3498740     3498338     3498323     3498072     3498076     3498787
 0.12     3488356     3487773     3486630     3486426     3485675     3486619
 0.19     3459389     3458906     3455551     3455399     3453477     3454191
 0.25     3403664     3403498     3397057     3397272     3393531     3394829
 0.31     3314861     3314747     3305020     3305417     3299809     3301280
 0.38     3188947     3188990     3175631     3176273     3168619     3170131
 0.44     3024464     3025157     3007673     3008686     2998867     3000520
 0.50     2822621     2822624     2802594     2803068     2792128     2793602
 0.56     2587214     2587919     2564416     2565809     2552536     2554539
 0.62     2324365     2325016     2299452     2300507     2286505     2288377
 0.69     2078129     2042979     2052021     2016318     2038483     2004198
 0.75     1786520     1749891     1759877     1724055     1746096     1711000
 0.81     1493646     1459028     1467393     1431956     1453844     1419487
 0.88     1209608     1175480     1184638     1186750     1171785     1138219
 0.94      943894      944456      921015      922007      909269      910463
 1.00      704726      705503      684600      685645      674298      675584
 1.06      498483      499089      481580      482636      472958      474736
 1.12      329269      329963      315838      317100      309015      310701
 1.19      198621      199263      188668      189676      183641      185100
 1.25      105404      106153       98698       99982       95336       96962
 1.31       45896       46727       41976       43220       40037       42012
 1.38       14034       14729       12251       13511       11391       13511
 1.44        1849        2726        1403        2552        1203        3203
 1.50           1         822           0         968           0        1829
 1.56         807        1060        1134        1380        1326        2507
 1.62        9513        6929       11085        8036       11931        9364
 1.69       35679       29670       34510       34119       41257       38450
 1.75       79514       82331       85584       88996       88726       94627
 1.81      159575      167100      168891      177262      173671      184477
 1.88      275969      270958      288842      283985      295406      292802
 1.94      430820      425672      447310      441831      455681      452022
 2.00      623581      618647      643504      638898      653579      651002
 2.06      851086      846193      874014      868751      885573      882484
 2.12     1107762     1102842     1133062     1128165     1145782     1142357
 2.19     1386012     1382161     1412888     1408665     1426366     1423295
 2.25     1640061     1671421     1667574     1700086     1681341     1715678
 2.31     1933574     1965892     1960922     1993091     1974572     2007686
 2.38     2220747     2250932     2246990     2241593     2260056     2291261
 2.44     2491872     2518650     2516149     2543763     2528202     2558320
 2.50     2767068     2762336     2788271     2783585     2798764     2796367
 2.56     2977701     2972981     2995617     2991126     3004453     3002159
 2.62     3151682     3146711     3166025     3161396     3173070     3170698
 2.69     3287145     3282411     3297876     3292902     3303117     3300053
 2.75     3384887     3379988     3392219     3387449     3395772     3392631
 2.81     3448323     3443077     3452700     3447553     3454796     3451344
 2.88     3483237     3478160     3482505     3480329     3486284     3482701
 2.94     3496456     3492424     3497178     3492249     3497499     3493934
 3.00     3499962     3495060     3499989     3495133     3499995     3496480
 3.06     3499742     3495253     3499581     3495325     3499480     3496718
 3.12     3493904     3491993     3494268     3490876     3493717     3492076
 3.19     3472884     3473463     3473861     3470688     3468194     3470570
 3.25     3435142     3429390     3429800     3423758     3427027     3421718
 3.31     3363429     3364305     3354952     3356165     3350596     3352797
 3.38     3256303     3256803     3244324     3245331     3238208     3239775
 3.44     3110999     3111665     3095394     3096613     3087465     3089381
 3.50     2927402     2928212     2908296     2909672     2898626     2900590
 3.56     2708044     2709071     2685806     2687006     2674587     2676552
 3.62     2457935     2458491     2466150     2434623     2420682     2422630
 3.69     2219432     2185115     2193040     2158665     2179794     2146416
 3.75     1932207     1896431     1904801     1906125     1891078     1893053
 3.81     1638687     1639497     1611210     1611536     1597487     1598088
 3.88     1349018     1350730     1322418     1324326     1309166     1310951
 3.94     1073078     1074086     1048244     1050162     1035903     1037987
 4.00      819796      820503      797491      798914      786440      788157
 4.06      596530      597142      577346      578528      567872      568925
 4.12      408560      409019      392871      393775      385153      386333
 4.19      258725      259669      246662      247822      240756      242457
 4.25      147217      148130      138661      139872      134501      136183
 4.31       71580       72352       66169       67335       63565       65404
 4.38       26870       27912       27865       25321       22681       24772
 4.44        7595        7066        6379        6305        5822        6819
 4.50         469        1152         294        1627         226        2260
 4.56           7         575          28        1050          46        2086
 4.62        2658        2223        3352        2799        3741        4155
 4.69       16942       13227       19217       14994       20426       16963
 4.75       52053       46434       56704       51542       59126       56990
 4.81      115736      110923      123397      118494      127342      124666
 4.88      213764      209352      224857      220429      230529      228102
 4.94      349527      345033      364240      359708      371724      369047
 5.00      523806      518901      517789      537256      551326      548445
 5.06      706472      730140      727603      751819      738276      765617
 5.12      945876      973506      969794      997172      981838     1010768
 5.19     1211766     1241783     1237770     1234220     1250829     1283568
 5.25     1495912     1491557     1523153     1518528     1536801     1534788
 5.31     1788816     1783683     1816364     1811378     1830131     1827162
 5.38     2080375     2075663     2107278     2102405     2120690     2117494
 5.44     2326504     2355851     2352093     2347043     2364820     2362031
 5.50     2589168     2586061     2612493     2608152     2624062     2620347
 5.56     2824334     2819575     2844734     2840156     2854822     2851546
 5.62     3025896     3021476     3042914     3038944     3051299     3049071
 5.69     3190080     3185484     3203491     3198951     3210069     3207210
 5.75     3315693     3311094     3325524     3320707     3330317     3327437
 5.81     3404220     3399507     3410743     3405832     3413896     3410713
 5.88     3459708     3454438     3463427     3458256     3465200     3461589
 5.94     3488497     3483561     3487924     3484980     3490853     3487251
 6.00     3498185     3493806     3498638     3493732     3498835     3495381
 6.06     3499999     3495253     3500000     3495325     3500000     3496892
 6.12     3499163     3495179     3498829     3495179     3498633     3496324
 6.19     3490336     3489549     3488749     3487790     3487895     3488725
 6.25     3463966     3464454     3460282     3461359     3458352     3461104
 6.31     3411697     3412681     3405218     3406382     3401869     3404121
 6.38     3326972     3327656     3317189     3318445     3312176     3314226
 6.44     3205474     3206083     3192114     3193036     3185306     3187132
 6.50     3045440     3046571     3028471     3030073     3019863     3021980
 6.56     2847769     2848808     2827414     2828538     2817124     2818605
 6.62     2615971     2616154     2623678     2594007     2580947     2582683
 6.69     2389717     2356987     2364398     2331397     2351669     2319816
 6.75     2111305     2076423     2084418     2049735     2070936     2037715
 6.81     1820496     1785102     1792950     1757425     1779171     1744380
 6.88     1527248     1527784     1499994     1501755     1486396     1488069
 6.94     1241684     1242451     1215658     1217429     1202704     1205565
 7.00      973402      974247      949450      950846      937561      939586
 7.06      730799      731596      709624      711051      699146      701393
 7.12      520493      520915      502609      503858      493790      495573
 7.19      346869      347633      332559      333799      325532      327345
 7.25      211768      212666      201069      202384      195844      197624
 7.31      114365      115235      107064      108506      103526      105568
 7.38       51228       52055       46876       48090       44791       46837
 7.44       16546       17549       14489       15882       13527       15892
 7.50        2543        3532        1968        3193        1717        3981
 7.56           6         895           1        1050           1        2251
 7.62         272         740         432        1142         535        2507
 7.69        6207        5693        7360        6653        8008        8320
 7.75       27413       22438       30401       25522       32026       28673
 7.81       72599       75209       78138       72928       81105       77901
 7.88      148819      144230      157447      153174      162028      159822
 7.94      260972      256584      273015      268384      279370      276662
 8.00      411473      406584      427020      421992      435184      431669
 8.06      600080      595420      618977      614408      628864      625532
 8.12      823913      819596      845773      841212      857175      854011
 8.19     1077653     1072685     1101885     1097962     1114490     1113298
 8.25     1353908     1350145     1379756     1375779     1393168     1391490
 8.31     1643728     1638581     1670327     1665287     1684094     1681227
 8.38     1937225     1932392     1927185     1959647     1940872     1974278
 8.44     2189069     2219419     2214603     2244623     2227759     2258943
 8.50     2462455     2490406     2486176     2481571     2498367     2527897
 8.56     2712090     2737626     2733280     2757657     2744138     2769935
 8.62     2930870     2951402     2948983     2944608     2958234     2955723
 8.69     3113823     3109431     3128527     3123887     3136007     3132860
 8.75     3258462     3253828     3269661     3264915     3275330     3271983
 8.81     3364948     3360368     3372790     3368552     3376733     3373872
 8.88     3436092     3430955     3440955     3435752     3443375     3439928
 8.94     3473424     3471843     3476156     3474698     3477495     3477080
 9.00     3494105     3490519     3495095     3490198     3495562     3491975
 9.06     3499765     3494905     3499868     3494941     3499907     3496553
 9.12     3499956     3495546     3499902     3495389     3499861     3496873
 9.19     3496313     3493440     3495487     3492890     3495016     3494136
 9.25     3479738     3480357     3480625     3477775     3475929     3478343
 9.31     3447494     3442070     3442977     3444230     3440546     3442363
 9.38     3383511     3384309     3376082     3377396     3372126     3374458
 9.44     3285142     3285826     3274391     3275681     3268708     3270656
 9.50     3149016     3149998     3134767     3136338     3127272     3129967
 9.56     2998277     2975343     2981011     2958268     2971961     2949525
 9.62     2791428     2763618     2770978     2743650     2760296     2732994
 9.69     2551743     2521370     2528604     2497748     2516551     2486708
 9.75     2285640     2252040     2260492     2262192     2247427     2213789
 9.81     2001367     1966322     1975028     1976658     1961378     1963365
 9.88     1708429     1709388     1681800     1683607     1668033     1670396
 9.94     1416930     1417225     1390932     1392414     1377525     1379396

----- Run Fri Aug 12 12:40:05 2022-----
                motor 12                motor 13                motor 14                
 t         demand      actual      demand      actual      demand      actual      
0.0000     3500000     3499162     3499999     3499318     3500000     3500489
0.0625     3498577     3497953     3497988     3497679     3497861     3498649
0.1250     3487660     3487141     3485347     3484990     3484879     3485484
0.1875     3457828     3457542     3452772     3452717     3451774     3452799
0.2500     3400963     3400770     3401642     3392302     3390656     3391761
0.3125     3310826     3310829     3311839     3298414     3295580     3296858
0.3750     3183476     3183488     3184849     3166917     3162947     3164582
0.4375     3040384     3018208     3019286     3020158     3015238     2993315
0.5000     2841694     2814247     2816435     2816819     2811605     2785224
0.5625     2609011     2578654     2580163     2581080     2574664     2544862
0.6250     2348266     2349278     2316650     2317372     2310639     2312528
0.6875     2067338     2067991     2033964     2034602     2027636     1992954
0.7500     1775496     1739033     1741502     1742292     1735070     1699903
0.8125     1482773     1447868     1449332     1450102     1443021     1408610
0.8750     1199257     1200254     1167510     1169282     1161533     1162278
0.9375      934400      935008      905368      906471      899916      901234
1.0000      696365      697264      670880      671940      666109      667481
1.0625      491452      492003      470103      471055      466120      467677
1.1250      323673      324406      306761      307908      303620      305161
1.1875      194465      195079      181984      182994      179678      181236
1.2500      102595      103398      103293       95250       92700       94041
1.3125       44246       45070       44655       40529       38528       40345
1.3750       13277       14015       13464       14701       13032       12669
1.4375        2360        2452        1701        2882        1592        3111
1.5000           3         703           0         987           0        1829
1.5625         940        1527         908        1225        1495        2607
1.6250       10176        7560       10020        7240       12637       10060
1.6875       37236       31080       36873       31666       42834       39796
1.7500       90431       84877       89789       84538      100176       97309
1.8125      176253      171476      175282      170543      190871      188194
1.8750      298941      293965      297613      292830      318820      316184
1.9375      460180      454869      458490      453166      485342      482041
2.0000      658983      654307      656954      652394      689086      686451
2.0625      891764      887007      889441      884205      926124      924122
2.1250     1152584     1147648     1116174     1144966     1190220     1185816
2.1875     1433563     1428267     1394959     1425868     1473269     1469337
2.2500     1725422     1720997     1685931     1681300     1729098     1762004
2.3125     1981846     2013014     1979119     1975239     2021754     2055036
2.3750     2267009     2296489     2264403     2259346     2305048     2336817
2.4375     2534608     2562404     2532208     2527577     2569545     2597431
2.5000     2776291     2799571     2774168     2769523     2807105     2804515
2.5625     2985505     2980699     2983709     2979124     3011462     3009034
2.6250     3157940     3153093     3156501     3151728     3178643     3176127
2.6875     3291836     3287172     3290759     3285917     3307251     3304209
2.7500     3388102     3383110     3387365     3382505     3398561     3395240
2.8125     3450250     3444926     3449810     3444825     3456429     3452891
2.8750     3484159     3478892     3483950     3478782     3487030     3483222
2.9375     3497659     3492524     3497600     3492534     3498422     3494758
3.0000     3499997     3495060     3499973     3494960     3499998     3496607
3.0625     3499420     3494905     3499443     3495143     3499006     3496250
3.1250     3491722     3490272     3491857     3490153     3489562     3490071
3.1875     3467309     3467686     3467642     3468400     3462153     3464280
3.2500     3417688     3418834     3418292     3419456     3408493     3410374
3.3125     3336117     3336775     3337047     3338139     3322122     3324030
3.3750     3218066     3218480     3219350     3220137     3198837     3200379
3.4375     3061526     3062510     3063173     3064341     3036997     3039036
3.5000     2867160     2868116     2895385     2870414     2837629     2838856
3.5625     2638245     2638237     2670833     2641899     2604358     2605699
3.6250     2414012     2381239     2416515     2418171     2377080     2345167
3.6875     2137191     2102369     2139864     2141114     2097874     2063633
3.7500     1847103     1811790     1849854     1850792     1806725     1771516
3.8125     1553656     1554335     1556391     1557685     1513611     1515827
3.8750     1266989     1267619     1269614     1270558     1228651     1231135
3.9375      996771      997172      999201      999516      961397      962904
4.0000      751537      752516      753699      755464      720176      722047
4.0625      538088      538594      539926      540947      511510      512831
4.1250      361024      361439      382599      363499      339672      341050
4.1875      237641      223140      238806      240059      220937      222627
4.2500      132315      133262      133132      134462      120682      122486
4.3125       62204       63105       62712       63911       55047       57017
4.3750       21983       22749       22244       23509       18400       20515
4.4375        4260        5253        4348        5738        3098        5454
4.5000          80         959          87        1143          19        2085
4.5625         326         950         144        1216         620        2442
4.6250        6630        4997        5049        4786        8507        7203
4.6875       28522       23298       24254       23253       33253       30082
4.7500       67318       69413       66609       61412       75433       79896
4.8125      140487      147224      139362      134727      153244      162998
4.8750      249245      244654      247652      243126      267162      264292
4.9375      396240      391230      394165      389189      419475      416078
5.0000      581475      576707      578931      573942      609818      606425
5.0625      802301      797834      799339      795216      835190      831782
5.1250     1053606     1048872     1050304     1044523     1090164     1088148
5.1875     1328170     1322734     1324629     1319539     1367265     1365113
5.2500     1617159     1612379     1576923     1608497     1657482     1653953
5.3125     1910742     1905522     1870476     1901759     1950902     1947975
5.3750     2198769     2194032     2159862     2190178     2237384     2234297
5.4375     2471476     2467097     2435223     2463920     2507273     2504331
5.5000     2720159     2715800     2687669     2712797     2752056     2748805
5.5625     2912462     2933119     2909900     2905369     2964967     2962315
5.6250     3098803     3114860     3096707     3092219     3121468     3138407
5.6875     3246947     3257920     3245334     3240416     3264293     3260768
5.7500     3356815     3352137     3355670     3350984     3369041     3366209
5.8125     3430979     3425773     3430254     3425050     3438638     3435176
5.8750     3474483     3469471     3474101     3469123     3478445     3474598
5.9375     3494495     3489375     3492826     3487855     3494633     3492259
6.0000     3499619     3494612     3499596     3494694     3499823     3496433
6.0625     3500000     3495454     3500000     3495427     3500000     3497029
6.1250     3500000     3495601     3500000     3495500     3500000     3496974
6.1875     3500000     3495573     3500000     3495472     3500000     3496928
6.2500     3500000     3495555     3500000     3495472     3500000     3497029
6.3125     3500000     3495573     3500000     3495445     3500000     3496974
6.3750     3500000     3495527     3500000     3495518     3500000     3496928
6.4375     3500000     3495573     3500000     3495472     3500000     3496955
6.5000     3500000     3495573     3500000     3495472     3500000     3496974
6.5625     3500000     3495573     3500000     3495472     3500000     3497001
6.6250     3500000     3495573     3500000     3495472     3500000     3497083
6.6875     3500000     3495555     3500000     3495472     3500000     3496955
6.7500     3500000     3495500     3500000     3495546     3500000     3497029
6.8125     3500000     3495573     3500000     3495546     3500000     3497056
6.8750     3500000     3495573     3500000     3495655     3500000     3497056
6.9375     3500000     3495573     3500000     3495619     3500000     3497029
7.0000     3500000     3495527     3500000     3495619     3500000     3497083
7.0625     3500000     3495601     3500000     3495729     3500000     3497102
7.1250     3500000     3495573     3500000     3495729     3500000     3497083
7.1875     3500000     3495601     3500000     3495655     3500000     3497083
7.2500     3500000     3495573     3500000     3495701     3500000     3497129
7.3125     3500000     3495573     3500000     3495701     3500000     3497175
7.3750     3500000     3495527     3500000     3495655     3500000     3497129
7.4375     3500000     3495527     3500000     3495655     3500000     3497157
7.5000     3500000     3495573     3500000     3495701     3500000     3497129
7.5625     3500000     3495573     3500000     3495619     3500000     3497157
7.6250     3500000     3495573     3500000     3495655     3500000     3497230
7.6875     3500000     3495601     3500000     3495655     3500000     3497129
7.7500     3500000     3495601     3500000     3495573     3500000     3497083
7.8125     3500000     3495601     3500000     3495701     3500000     3497083
7.8750     3500000     3495601     3500000     3495674     3500000     3497029
7.9375     3500000     3495601     3500000     3495701     3500000     3497083
8.0000     3500000     3495601     3500000     3495655     3500000     3497056
8.0625     3500000     3495674     3500000     3495729     3500000     3497029
8.1250     3500000     3495601     3500000     3495655     3500000     3497083
8.1875     3500000     3495601     3500000     3495701     3500000     3497083
8.2500     3500000     3495628     3500000     3495683     3500000     3497029
8.3125     3500000     3495674     3500000     3495683     3500000     3497129
8.3750     3500000     3495720     3500000     3495674     3500000     3497029
8.4375     3500000     3495720     3500000     3495701     3500000     3497029
8.5000     3500000     3495720     3500000     3495701     3500000     3497083
8.5625     3500000     3495747     3500000     3495701     3500000     3497083
8.6250     3500000     3495747     3500000     3495765     3500000     3497102
8.6875     3500000     3495747     3500000     3495793     3500000     3497056
8.7500     3500000     3495820     3500000     3495747     3500000     3497102
8.8125     3500000     3495765     3500000     3495793     3500000     3497029
8.8750     3500000     3495793     3500000     3495701     3500000     3497083
8.9375     3500000     3495765     3500000     3495884     3500000     3497056
9.0000     3500000     3495720     3500000     3495793     3500000     3497029
9.0625     3500000     3495793     3500000     3495793     3500000     3497029
9.1250     3500000     3495765     3500000     3495811     3500000     3497129
9.1875     3500000     3495793     3500000     3495839     3500000     3497102
9.2500     3500000     3495765     3500000     3495793     3500000     3497029
9.3125     3500000     3495793     3500000     3495765     3500000     3497056
9.3750     3500000     3495793     3500000     3495839     3500000     3497029
9.4375     3500000     3495793     3500000     3495857     3500000     3497056
9.5000     3500000     3495720     3500000     3495884     3500000     3497001
9.5625     3500000     3495765     3500000     3495811     3500000     3497083
9.6250     3500000     3495793     3500000     3495839     3500000     3497102
9.6875     3500000     3495765     3500000     3495811     3500000     3497029
9.7500     3500000     3495793     3500000     3495765     3500000     3497029
9.8125     3500000     3495765     3500000     3495839     3500000     3497083
9.8750     3500000     3495765     3500000     3495839     3500000     3497029
9.9375     3500000     3495793     3500000     3495839     3500000     3497029
10.0000     3500000     3495793     3500000     3495811     3500000     3497029
10.0625     3500000     3495793     3500000     3495793     3500000     3497029
10.1250     3500000     3495765     3500000     3495839     3500000     3497029
10.1875     3500000     3495793     3500000     3495793     3500000     3497083
10.2500     3500000     3495747     3500000     3495738     3500000     3497083
10.3125     3500000     3495765     3500000     3495839     3500000     3497083
10.3750     3500000     3495793     3500000     3495839     3500000     3497083
10.4375     3500000     3495793     3500000     3495765     3500000     3497029
10.5000     3500000     3495793     3500000     3495839     3500000     3497083
10.5625     3500000     3495793     3500000     3495839     3500000     3497056
10.6250     3500000     3495793     3500000     3495839     3500000     3497083
10.6875     3500000     3495793     3500000     3495884     3500000     3497029
10.7500     3500000     3495765     3500000     3495839     3500000     3497056
10.8125     3500000     3495747     3500000     3495765     3500000     3497083
10.8750     3500000     3495793     3500000     3495857     3500000     3497029
10.9375     3500000     3495793     3500000     3495839     3500000     3497001
11.0000     3500000     3495765     3500000     3495884     3500000     3497083
11.0625     3500000     3495765     3500000     3495939     3500000     3497029
11.1250     3500000     3495765     3500000     3495811     3500000     3497029
11.1875     3500000     3495793     3500000     3495811     3500000     3497001
11.2500     3500000     3495747     3500000     3495884     3500000     3497029
11.3125     3500000     3495793     3500000     3495811     3500000     3497029
11.3750     3500000     3495765     3500000     3495884     3500000     3497029
11.4375     3500000     3495765     3500000     3495866     3500000     3497083
11.5000     3500000     3495765     3500000     3495884     3500000     3497083
11.5625     3500000     3495793     3500000     3495811     3500000     3497083
11.6250     3500000     3495793     3500000     3495884     3500000     3497001
11.6875     3500000     3495793     3500000     3495839     3500000     3497129
11.7500     3500000     3495793     3500000     3495811     3500000     3497029
11.8125     3500000     3495793     3500000     3495839     3500000     3497157
11.8750     3500000     3495765     3500000     3495884     3500000     3497056
11.9375     3500000     3495765     3500000     3495793     3500000     3497083
